[[[0.63267974 0.62875817 0.64836601]
  [0.56977124 0.57058824 0.52647059]
  [0.6879085  0.69575163 0.66633987]
  [0.58104575 0.58496732 0.56143791]
  [0.65637255 0.65245098 0.67205882]]

 [[0.4622549  0.45441176 0.40735294]
  [0.5127451  0.50980392 0.44068627]
  [0.58676471 0.56617647 0.24019608]
  [0.64215686 0.65147059 0.56715686]
  [0.58480392 0.58480392 0.57696078]]

 [[0.5627451  0.5627451  0.56666667]
  [0.53316993 0.52745098 0.35882353]
  [0.39052288 0.42973856 0.03545752]
  [0.68872549 0.68349673 0.20588235]
  [0.54003268 0.54395425 0.52042484]]

 [[0.63218954 0.63415033 0.65964052]
  [0.48022876 0.48153595 0.33104575]
  [0.44493464 0.44313725 0.025     ]
  [0.58627451 0.55637255 0.08366013]
  [0.52761438 0.52761438 0.49624183]]

 [[0.47058824 0.47058824 0.45098039]
  [0.56911765 0.57401961 0.55196078]
  [0.40931373 0.39558824 0.175     ]
  [0.47892157 0.47156863 0.37205882]
  [0.53382353 0.53382353 0.53382353]]

 [[0.53954248 0.53954248 0.56111111]
  [0.62843137 0.63235294 0.65392157]
  [0.72124183 0.73300654 0.75882353]
  [0.71797386 0.72973856 0.75718954]
  [0.4870915  0.48120915 0.47696078]]]